# list of object assets to load in this scene
[ASSETS]
mario.txt
coin.txt
cloud.txt
brick.txt
goomba.txt
platform-orange.txt
grass-big.txt
grass-small.txt
brick-question.txt
stage-pink.txt
stage-blue.txt
stage-shadow.txt
chimney.txt
stage-white.txt
stage-green.txt

#
[OBJECTS]
# type	x	y	extra_settings per object type
# type: 0 = Mario , 1 = Brick, 2 = Goomba, 3 = Koopas
# See OBJECT_TYPE constants in AssetIDs.h

#Big-Grass
6	100	132	128	64	1	76000	76000	76000

#Small-Grass
6	200	160	48	16	1	81000	81000	81000

#Stage-Shadow (Blue)
9	346	100	8	8	10	111000	112000	113000
#Blue-Stage
8 	302	95	16	16	3	121000	122000	123000
8 	302	111	16	16	3	124000	125000	126000
8 	302	127	16	16	3	124000	125000	126000
8 	302	143	16	16	3	124000	125000	126000
8 	302	159	16	16	3	127000	128000	129000

#Stage-Shadow (White)
9	668	71	8	8	10	111000	112000	113000
#White-Stage
8	592	63	16	16	5	141000	142000	143000	
8	592	79	16	16	5	144000	145000	146000
8	592	95	16	16	5	144000	145000	146000
8	592	111	16	16	5	144000	145000	146000
8	592	127	16	16	5	144000	145000	146000
8	592	143	16	16	5	144000	145000	146000
8	592	159	16	16	5	147000	148000	149000

#Stage-Shadow (Pink)
9	314	132	8	8	6	111000	112000	113000
9	604	100	8	8	10	111000	112000	113000
#Pink-Stage
8 	270	127	16	16	3	101000	102000	103000
8 	270	143	16	16	3	104000	105000	106000
8 	270	159	16	16	3	107000	108000	109000	

8 	528	95	16	16	5	101000	102000	103000
8 	528	111	16	16	5	104000	105000	106000
8 	528	127	16	16	5	104000	105000	106000
8 	528	143	16	16	5	104000	105000	106000
8 	528	159	16	16	5	107000	108000	109000

#Stage-Shadow (Green)
9	540	132	8	8	6	111000	112000	113000
9	716	151	8	8	3	111000	112000	113000
#Green-Stage
8	448	127	16	16	6	151000	152000	153000
8	448	143	16	16	6	154000	155000	156000
8	448	159	16	16	6	157000	158000	159000

8	592	143	16	16	8	151000	152000	153000
8	592	159	16	16	8	157000	158000	159000

#Chimney
10	396	127	35	15	1	131000	131000	131000
10	396	142	29	15	2	132000	132000	132000

# MARIO
0	120	10

#Platform
5 	5	173	16	16	46	61000	62000	63000

5 	741	157	16	16	30	61000	62000	63000
5 	741	173	16	16	30	64000	65000	66000

#Question-Brick
7	204	105
7	220	105	

7	254	55
7	270	55




